0.5265972206806224

0.5821628464414279

0.38033033645253583

0.6823630737915868

0.49727731285108334

0.5733891906923981

0.39196174794267774

0.414646115411211

0.3671155399946135

0.36546405850118746

0.4549170349493504

0.38635123831690726

0.5712918328605252

0.6003318368143665

0.23975436328377506

0.4657730166917598

0.5412222414146757

0.47550205931631007

0.42279460564389815

0.4980351206947563

0.5298603966018407

0.5743987038114864

0.13243260620633207

0.5633785337491048

0.2712831389183457

0.550702378936356

0.38012089324443726

0.336461178417396

0.38938814695444957

0.6937484622505747

0.43554109099436084

0.552000949066751

0.38580904028824103

0.250795306848213

0.5398147497147989

0.40833250892266015

0.48472334112937987

0.18093315097861645

0.5672206508452959

0.18961796061322927

0.8977288010022911

0.44825079184655625

0.641616920063427

0.4330334616198068

0.3348215274854319

0.18502489853957424

0.5674135788810784

0.8656757392736685

0.3762032335870128

0.419643067568523

0.5594196782048793

0.46697602455657594

0.31761983958127316

0.702683886674782

0.3415787361868717

0.40418441644296027

0.5294454351566421

0.41929079265833

0.4765196333874874

0.6253092501368362

0.14935600643702662

0.6395266761048034

0.3070877449190702

0.4878797300720883

0.6558306363205476

0.29167781196930653

0.6417669232530694

0.7821069958847737

0.5087495519256079

0.5234218289085546

0.466303056542421

0.4599030302446403

0.47096267875828396

0.4467367462649505

0.1813730181516572

0.29267232505995006

0.7807833877352593

0.3313424921053763

0.5612540751429641

0.40200222248680395

0.40936166787410444

0.3948775947786338

0.6039977208883235

0.6057494947581155

0.3684908998988878

0.38487547169811326

0.4887998543070479

0.3126495536673783

0.5973999473407057

0.43155784987322016

0.3899056905370844

0.42981653016397353

0.8023383326840671

0.2643830766507346

0.8403031240334055

0.4923775220598314

0.23912582878018024

0.6251738083114645

0.6481128479047584

0.5952534621696878

0.7908851437926772

0.32923692508201724

0.12240147720725711

0.5647446460887473

0.2782855341947683

0.5279015730799927

0.6953028329534354

0.40498248214526344

0.4006015037593985

0.5988813399034393

0.38940328683545394

0.8378699714653388

0.7174201026660043

0.6822263329575708

0.8886318720804887

0.42587678588714956

0.4116738950226461

0.33175165825125763

0.5945593897606949

0.5303437821600423

0.5151983513652756

0.4969829113826525

0.4961744736507554

0.7740853687576001

0.09993503873945493

0.23710413141181053

0.3847998093280136

0.25670292549236223

0.5181060774255366

0.31096184517237146

0.4632765290946732

0.3305203585916762

0.31269168518114887

0.560082144977404

0.729151241670502

0.6136777211224689

0.44956015526591037

0.7358077083623208

0.4601091670405264

0.41182528512393346

