0.5492642869299473

0.8427255213477903

0.3833747867865419

0.292956869121707

0.4468359509343116

0.6064850889486684

0.5528179362788136

0.5011041466842141

0.5912819349747922

0.426482122698989

0.5306443163960188

0.38940611703094885

0.34419459078983855

0.5336174550502093

0.48649429002370176

0.5361333236905602

0.36926745403707256

0.23365509028836584

0.5042054916952048

0.5708592213578377

0.43603431893444883

0.6237293734564503

0.5264905107690343

0.5527883416592252

0.5344689739387513

0.5375173893810236

0.5140071491686079

0.6518241436132745

0.5082134713959987

0.6611977364328462

0.29434646616313853

0.36731255931667195

0.5188748771699967

0.23835887129731576

0.47774864657066973

0.41655124917241854

0.3538414385559042

0.4276941985325374

0.517942237627621

0.5047121263326062

0.5917610640140245

0.24367021294274446

0.37315782109877804

0.5058153574063373

0.47529307688441697

0.1412627647384081

0.6509489650818604

0.3618379032529162

0.3671860372589403

0.36298637788409416

0.39640072008007526

0.538716922215986

0.8231810554073897

0.11495522686721474

0.4832182013382061

0.35021068044842185

0.4261114147967597

0.45207871117386045

0.5167845538423812

0.676228292780017

0.28778465981617474

0.4373633909915257

0.4851697699890471

0.39456804624703473

0.30252923096606854

0.4943791510739535

0.6707914251994856

0.47301508916323726

0.5310211386453371

0.49321533923303834

0.5421527997546851

0.40438989260105834

0.2935995814440181

0.4015318580356035

0.5626535234631703

0.5154639103559169

0.6872541653776462

0.4125452457883397

0.2415624498957832

0.401684724371949

0.5352571842550108

0.7434791828656252

0.7864812459143832

0.1871408045977011

0.6234201213346815

0.4707924528301886

0.5321207430340557

0.3986814202404322

0.5543597507460066

0.5951787834288854

0.47909625806844475

0.5545821485126599

0.7131135566809506

0.5741724198973269

0.4011073306526446

0.7153465299627751

0.6881345960086414

0.15929059630589143

0.6313300955920397

0.5965442844234635

0.5362411962466189

0.4129936334282084

0.37689744534973296

0.5228127740527326

0.32382603214623384

0.5474904096187019

0.4177548029957669

0.6389132192426897

0.5795488721804511

0.5140672440396198

0.2330309296920194

0.23061321546466734

0.48493128001324726

0.6496189408293958

0.6629761049227453

0.39207518805555397

0.5212225332484353

0.44818374064011063

0.5194295516106646

0.6360581870775734

0.7789799072642967

0.44155970229748676

0.538273794261064

0.357285617675727

0.3549865924704263

0.35282834067538243

0.6890641469180973

0.4055907285049608

0.6342692132415662

0.458357529410161

0.26260308017649003

0.7968898682826664

0.2108778459338656

0.946454317457625

0.15139925559802292

0.4045395844506525

0.3212376887654141

0.009287602615834167

0.4205500604109845

0.5530085920375868

